100 100
3311344 8874296 3543894 6210103 3656666 8978670 827954 4569949 6919627 1187798 7944583 911500 9077769 7146967 1771382 901883 1503836 5820182 3160481 2261023 1971430 2233154 5731884 1420839 8348131 2009020 3328015 9472929 8026264 366721 6424235 484892 8059231 8737402 6347181 5831176 8546976 670233 3721709 8599705 6738948 1795650 5259970 8723632 7869390 3982812 8784884 1034668 8289548 4333500 1575322 6702193 7613411 4168509 7722352 7600431 9502540 287487 5924576 8638913 9685526 8575297 9464396 4231628 6825903 8510755 5865284 704369 6492560 4492995 8978003 8997794 3322303 3267134 7036223 4760054 288572 4361542 5765486 4747252 498498 143049 8726873 1712022 1675680 1147148 8956485 2516753 2626615 9322151 6491361 6342971 5022970 9430757 9143513 1817110 6358410 5390340 6739483 53724 
7245455 9285008
5683161 7518655
7668992 9196529
1286481 6705191
6685906 8552962
2393148 9048689
3157522 6014594
7762937 9285078
2580533 7581006
1148065 9953563
933479 1686041
1144372 8220350
9939606 9982116
5070581 8688389
5736883 9252393
7545301 8809735
9265940 9469881
3691132 9448642
722125 9266709
7761531 7796834
3211388 9885245
4212804 7712150
2510019 9608798
9773220 9858262
8234206 9281845
1095354 5073986
7760214 8472641
6774923 9780180
2851269 4876633
1399663 9416075
1865832 3583691
2948229 4612321
9600513 9719667
7813689 9058354
6922790 9690525
3796604 9179596
175863 4461712
2301670 4692011
2731793 9570414
1371823 7421326
2976101 8811113
5363451 6379851
224746 1082162
4251592 9287110
80505 5868926
2841457 8717237
7337530 9676557
6643042 9244847
1838701 3404438
8359060 9800385
5780458 6177688
8833014 9660616
8396309 9635484
8410460 9349611
5966054 8880727
5003334 6792856
4557121 7662136
3616230 5417254
3048666 8282334
8203458 9087565
6723489 8560393
2059560 9738889
5700164 8281226
2902161 6515717
5620950 8699825
6496718 6662603
3758378 7644240
486505 9863999
7724097 8401358
2683896 6210272
2105712 9253403
9842969 9981955
9046030 9734749
3318712 3486370
332254 7859681
1006078 3354256
8656303 9072064
2616686 9953277
7158060 8552286
9685683 9803275
6285518 8253540
4264240 5029611
5943810 6574947
9305556 9902410
1479396 7966679
289130 9302515
4410609 8954681
7091663 7406285
7481702 9430225
5373946 7927291
180956 252215
9029265 9161568
6506614 9581272
801192 6649023
4219565 7321681
7900024 9683599
2481066 4447986
982868 7886529
7074488 9074850
4510205 8654525
