586
39
340
102
887
593
259
551
140
335
639
143
137
193
62
120
10
824
165
208
1
844
81
151
124
285
210
12
261
44
619
13
579
193
4
440
583
375
569
319
24
265
32
22
173
71
12
61
192
11
53
530
181
58
544
522
828
659
111
601
627
308
166
22
140
4
146
378
10
402
16
40
181
14
92
191
306
50
53
2
84
605
241
79
8
15
85
516
213
238
86
2
275
426
20
603
301
15
409
100
38
297
137
27
506
337
138
262
379
245
216
159
298
901
58
1
348
36
677
32
663
343
573
781
460
348
176
6
87
240
235
42
276
611
169
363
534
137
230
51
77
875
865
93
82
257
186
192
99
868
52
4
741
303
30
11
134
24
224
12
262
293
118
2
501
530
788
51
338
81
410
101
79
179
194
162
280
294
123
735
156
2
6
808
139
125
44
271
835
112
195
222
363
333
103
18
16
107
710
25
708
76
157
37
831
8
121
94
13
537
323
351
233
691
302
51
333
284
295
545
13
301
297
248
124
153
26
250
109
711
151
641
138
226
274
2
27
171
255
244
34
81
12
47
119
372
23
216
241
136
34
51
892
124
860
84
31
90
52
603
410
527
64
449
326
675
47
265
1
536
96
146
60
138
434
436
268
669
114
16
16
109
480
416
166
379
11
42
645
423
23
13
171
605
313
179
12
128
0
99
127
246
21
176
326
209
105
6
124
30
95
299
101
667
759
471
26
13
263
528
83
184
321
33
173
578
602
159
3
494
280
603
4
533
284
818
12
101
137
29
60
287
27
0
11
647
228
569
112
213
63
303
25
706
370
240
34
93
118
601
216
309
183
677
119
132
260
201
522
162
487
118
34
526
214
527
39
91
211
168
10
2
522
128
458
16
609
507
103
122
390
123
10
829
581
341
8
87
348
695
214
101
112
308
544
483
372
4
100
8
55
210
125
39
529
503
35
588
406
733
0
0
433
610
629
561
50
422
404
851
653
162
84
150
302
203
544
408
53
552
385
533
1
612
121
907
83
173
541
231
59
362
67
528
542
44
91
338
81
163
53
198
608
178
284
265
230
708
6
370
340
166
40
62
187
630
29
153
325
287
143
32
742
51
8
375
153
350
621
303
81
243
331
72
469
12
16
316
97
677
26
33
14
2
117
549
84
82
352
637
14
12
476
195
641
37
45
402
501
117
39
78
411
426
47
222
694
13
603
4
316
525
411
122
18
7
111
57
932
20
360
755
22
532
76
271
553
227
273
83
56
779
264
127
707
171
439
224
100
50
406
35
379
20
486
322
24
357
315
508
253
73
506
541
3
831
281
87
14
357
566
254
271
227
180
178
306
28
580
281
96
41
674
215
13
230
23
484
53
38
35
122
360
45
63
44
445
122
894
470
71
90
419
448
496
248
418
321
639
415
636
428
365
776
207
540
89
215
410
622
319
67
65
75
30
35
220
63
401
835
4
111
250
37
608
766
81
70
111
364
120
419
236
114
321
15
63
433
240
139
222
278
21
787
18
142
677
22
204
104
449
16
283
176
235
133
206
79
54
96
422
37
386
447
377
97
51
285
27
161
482
313
552
243
367
173
130
21
200
5
82
265
761
119
237
226
65
86
1
101
544
396
517
105
136
55
267
40
504
113
163
352
447
99
99
35
472
257
120
328
0
243
70
57
0
9
120
90
633
85
28
123
299
293
529
320
4
97
7
99
459
202
801
584
308
31
90
94
24
437
153
394
60
408
51
16
652
444
180
377
59
68
358
196
658
482
5
200
124
563
114
182
565
223
109
381
229
567
316
292
6
515
109
707
773
168
87
346
349
113
24
319
581
534
56
14
799
2
19
116
407
262
16
892
533
360
9
172
228
259
93
137
262
151
66
112
107
53
227
227
643
550
422
373
96
109
202
45
275
243
231
504
109
2
55
160
496
295
274
18
80
174
39
322
4
45
579
242
178
266
297
139
353
530
20
56
367
71
107
934
46
265
125
2
53
35
459
135
822
373
286
398
563
27
0
68
108
463
101
688
6
106
363
0
896
41
406
299
154
78
177
201
53
42
208
88
197
177
221
404
204
34
128
642
403
280
12
97
468
597
645
391
265
15
92
519
679
49
92
577
192
295
154
532
38
64
99
580
23
263
56
12
118
509
228
23
158
43
74
413
131
102
556
14
74
104
1
20
158
50
550
95
35
111
99
45
473
114
695
890
198
353
25
261
697
774
136
287
155
387
386
139
89
290
903
895
730
629
173
355
437
475
59
743
356
761
130
395
417
175
